% data from sweep at Bill's house with
% ant maybe 15 ft off ground, straight out
% (i.e., *not* inverted Vee, support
% at both ends)
% Long antenna -- i.e., gap relays
% closed
% when match computed, L , C means
% antenna, series L, shunt C, radio
% can be reversed if C, L
% antenna,shunt C, series L, radio
% freq in Hz; real of Z imag of Z
1.500000e+06 341.042960 -1720.137677
1.528529e+06 368.252475 -1998.816005
1.557057e+06 219.389012 -1414.557112
1.585586e+06 194.724606 -1367.700527
1.614114e+06 178.064159 -1345.733153 % 65 pF, 71 uH
1.642643e+06 175.547705 -1282.003997
1.671171e+06 155.752955 -1250.910652
1.699700e+06 112.569703 -1052.822906
1.728228e+06 146.308455 -1181.572969
1.756757e+06 124.922983 -1165.585242
1.785285e+06 126.613202 -1126.847717
1.813814e+06 115.419030 -1096.894459
1.842342e+06 106.882022 -1080.051689
1.870871e+06 103.718491 -1051.612129
1.899399e+06 95.697228 -1030.987855
1.927928e+06 92.285216 -1004.868241
1.956456e+06 86.433232 -982.986994
1.984985e+06 81.286435 -967.504293 % 22 pF, 61 uH
2.013514e+06 83.777889 -940.589313
2.042042e+06 85.118114 -1041.885738
2.070571e+06 74.311103 -905.194560
2.099099e+06 56.565354 -833.236043
2.127628e+06 63.439917 -875.556043
2.156156e+06 61.193650 -855.160982
2.184685e+06 61.095115 -840.008026
2.213213e+06 59.640244 -826.866537
2.241742e+06 56.733460 -809.246276
2.270270e+06 56.239337 -794.649596
2.298799e+06 57.609672 -777.517681
2.327327e+06 58.466498 -765.235922
2.355856e+06 62.144789 -751.031823
2.384384e+06 65.570624 -742.104463
2.412913e+06 65.863393 -736.644633
2.441441e+06 69.319774 -722.953587
2.469970e+06 66.750337 -705.628585
2.498498e+06 63.889351 -672.494632
2.527027e+06 63.543281 -664.232253
2.555556e+06 80.437307 -693.894736
2.584084e+06 54.073982 -658.518425
2.612613e+06 73.575370 -638.079729
2.641141e+06 51.052283 -645.838543
2.669670e+06 49.346948 -637.084854
2.698198e+06 47.308391 -630.114404
2.726727e+06 46.326345 -622.628381
2.755255e+06 44.577266 -615.264443
2.783784e+06 41.077773 -611.986825
2.812312e+06 48.541583 -594.468061
2.840841e+06 41.861989 -621.823265
2.869369e+06 39.732967 -603.700484
2.897898e+06 39.196683 -594.454983
2.926426e+06 38.133376 -601.277000
2.954955e+06 37.800368 -592.185864
2.983483e+06 37.007317 -586.352674
3.012012e+06 36.663470 -578.967681
3.040541e+06 37.455788 -573.412418
3.069069e+06 39.006660 -587.368562
3.097598e+06 31.572270 -575.990424
3.126126e+06 31.234694 -554.814896
3.154655e+06 32.375084 -547.215503
3.183183e+06 30.254963 -541.784857
3.211712e+06 29.335537 -536.141652
3.240240e+06 28.995856 -529.422435
3.268769e+06 28.484658 -515.269933
3.297297e+06 29.714714 -508.673109
3.325826e+06 28.329498 -511.933867
3.354354e+06 27.329788 -508.907581
3.382883e+06 26.602782 -503.475785
3.411411e+06 26.442765 -497.285508
3.439940e+06 25.195944 -492.772369
3.468468e+06 25.811619 -487.574487
3.496997e+06 24.169934 -483.590487
3.525526e+06 24.815092 -477.825806 % 22.7 uH, 911.6 pF
3.554054e+06 25.849195 -472.947967
3.582583e+06 24.258309 -470.156800
3.611111e+06 21.901452 -481.961130
3.639640e+06 23.340944 -459.593325
3.668168e+06 24.982037 -446.730205
3.696697e+06 20.256346 -444.130954
3.725225e+06 22.102656 -446.132399 % 20.1 uH, 961 pF
3.753754e+06 22.332055 -442.231219
3.782282e+06 21.663442 -437.135308
3.810811e+06 20.490489 -434.350974
3.839339e+06 21.673269 -429.062227
3.867868e+06 20.991213 -426.153450
3.896396e+06 20.966572 -421.424558
3.924925e+06 20.883795 -417.556424
3.953453e+06 20.102078 -413.862303
3.981982e+06 20.275099 -409.917697
4.010511e+06 19.612534 -406.370816 % 17.1 uH, 991.1 pF
4.039039e+06 20.223905 -401.804117
4.067568e+06 22.283225 -389.124487
4.096096e+06 19.883244 -396.014281
4.124625e+06 17.288910 -405.019785
4.153153e+06 18.616900 -388.890159
4.181682e+06 19.224543 -384.623829
4.210210e+06 18.249056 -381.089963
4.238739e+06 17.810648 -378.044486
4.267267e+06 18.162117 -374.255373
4.295796e+06 17.443972 -371.825889
4.324324e+06 17.789393 -368.071459
4.352853e+06 17.254609 -365.245899
4.381381e+06 16.392549 -361.789617
4.409910e+06 16.912381 -358.523693
4.438438e+06 15.710018 -355.923161
4.466967e+06 16.538572 -343.235792
4.495496e+06 15.337652 -348.703334
4.524024e+06 15.017559 -346.514517 % 13.0 uH, 1081.0 pF
4.552553e+06 15.344408 -342.970626
4.581081e+06 14.388330 -340.625052
4.609610e+06 16.289448 -337.305374
4.638138e+06 13.001585 -343.838717
4.666667e+06 13.671734 -332.447530
4.695195e+06 14.772509 -327.908862
4.723724e+06 14.049749 -325.170692
4.752252e+06 13.726277 -322.159666
4.780781e+06 13.689517 -319.096761
4.809309e+06 13.602026 -317.211132
4.837838e+06 13.430156 -313.691906
4.866366e+06 14.043153 -304.451877
4.894895e+06 13.781081 -308.004251
4.923423e+06 13.530495 -305.412462
4.951952e+06 12.875531 -302.527307
4.980480e+06 13.155027 -299.972510
5.009009e+06 13.277175 -296.812601 % 10.1 uH, 1058.0 pF
5.037538e+06 12.845172 -294.443014
5.066066e+06 13.160290 -291.858039
5.094595e+06 12.519130 -289.161131
5.123123e+06 14.200857 -286.682752
5.151652e+06 12.607893 -287.684151
5.180180e+06 11.006519 -284.917881
5.208709e+06 12.732322 -278.978345
5.237237e+06 12.621205 -276.675615
5.265766e+06 12.965368 -269.879012
5.294294e+06 12.846189 -271.913009
5.322823e+06 12.423634 -269.205527
5.351351e+06 12.352108 -267.026386
5.379880e+06 11.806604 -264.670200
5.408408e+06 12.564782 -262.317100
5.436937e+06 12.515085 -259.707418
5.465465e+06 12.583042 -257.305850
5.493994e+06 12.393157 -255.179503 % 8.01 uH, 1008.0 pF
5.522523e+06 12.211190 -252.939420
5.551051e+06 12.413731 -250.288999
5.579580e+06 12.397833 -248.352051
5.608108e+06 12.294968 -245.896053
5.636637e+06 12.707871 -243.310723
5.665165e+06 13.094844 -238.901116
5.693694e+06 11.121270 -242.375882
5.722222e+06 12.072375 -236.802801
5.750751e+06 12.062699 -234.470609
5.779279e+06 12.093861 -232.241345
5.807808e+06 11.730829 -230.011990
5.836336e+06 12.227394 -227.781847
5.864865e+06 11.982962 -225.382219
5.893393e+06 12.135944 -223.264395
5.921922e+06 12.237583 -221.052944
5.950450e+06 12.195321 -218.862888
5.978979e+06 12.274152 -216.621026
6.007508e+06 12.138810 -214.473196 % 6.24, 937.4 pF
6.036036e+06 12.199283 -212.338687
6.064565e+06 12.223455 -208.400122
6.093093e+06 12.567639 -208.074262
6.121622e+06 12.703435 -205.713889
6.150150e+06 12.841088 -203.665287
6.178679e+06 13.145886 -201.328949
6.207207e+06 12.345234 -201.310826
6.235736e+06 13.031022 -197.168397
6.264264e+06 13.030369 -195.106905
6.292793e+06 13.252573 -192.970357
6.321321e+06 13.237138 -190.849363
6.349850e+06 13.618710 -188.707660
6.378378e+06 13.467487 -186.594587
6.406907e+06 13.788661 -184.676784
6.435435e+06 13.998922 -181.945572
6.463964e+06 13.727213 -179.864184
6.492492e+06 14.051671 -178.272416 % 4.92 uH, 784.5 pF
6.521021e+06 14.248979 -176.131837
6.549550e+06 14.454552 -174.054655
6.578078e+06 14.658494 -172.020551
6.606607e+06 14.653437 -169.999036
6.635135e+06 14.912284 -168.081119
6.663664e+06 15.312944 -165.930083
6.692192e+06 15.674413 -163.606517
6.720721e+06 15.117918 -162.444186
6.749249e+06 15.455797 -160.081324
6.777778e+06 15.956674 -157.494684
6.806306e+06 16.048248 -155.378498
6.834835e+06 16.279351 -152.899832
6.863363e+06 16.567017 -150.789787
6.891892e+06 16.618232 -148.968845
6.920420e+06 16.896647 -146.768380
6.948949e+06 17.086805 -144.593414
6.977477e+06 17.351857 -142.273357
7.006006e+06 17.571778 -140.136694 % 3.72 uH, 619.7 pF
7.034535e+06 17.748088 -137.860827
7.063063e+06 17.985431 -135.620346
7.091592e+06 18.378419 -133.398429
7.120120e+06 18.660229 -131.053888
7.148649e+06 18.982007 -128.791462
7.177177e+06 19.432234 -126.515336
7.205706e+06 19.919211 -124.002820
7.234234e+06 20.135455 -121.837461
7.262763e+06 20.465882 -119.507647
7.291291e+06 21.047579 -117.177519
7.319820e+06 21.525123 -114.832575
7.348348e+06 22.027598 -112.408647
7.376877e+06 22.578496 -110.038324
7.405405e+06 23.028140 -107.698179
7.433934e+06 23.653877 -105.169716
7.462462e+06 24.222177 -102.748974
7.490991e+06 24.793010 -100.355817 % 2.66 uH, 428.4 pF
7.519520e+06 25.482950 -97.831810
7.548048e+06 26.052780 -95.244234
7.576577e+06 26.736100 -92.699961
7.605105e+06 27.453880 -90.213273
7.633634e+06 28.118328 -87.491304
7.662162e+06 28.834692 -84.875444
7.690691e+06 29.717937 -82.419309
7.719219e+06 30.570712 -79.765457
7.747748e+06 31.342223 -77.059332
7.776276e+06 32.176828 -74.634353
7.804805e+06 33.072755 -71.686222
7.833333e+06 33.959706 -68.968016
7.861862e+06 34.956268 -66.141481
7.890390e+06 35.896569 -63.291715
7.918919e+06 36.913245 -60.461113
7.947447e+06 38.009594 -57.550817
7.975976e+06 39.179333 -54.595135
8.004504e+06 40.322936 -51.620847
8.033033e+06 41.530658 -48.462712
8.061562e+06 42.814505 -45.480695
8.090090e+06 44.167983 -42.391589 % 1.15 uH, 143.1 pF
8.118619e+06 45.554222 -39.154265
8.147147e+06 47.014565 -35.959255
8.175676e+06 48.566591 -32.709038
8.204204e+06 50.170171 -29.441788
8.232733e+06 51.872676 -26.097570
8.261261e+06 53.695829 -22.731431
8.289790e+06 55.583278 -19.362102
8.318318e+06 57.533339 -15.865533
8.346847e+06 59.613917 -12.380142
8.375375e+06 61.794362 -8.840297
8.403904e+06 64.017698 -5.242311
8.432432e+06 66.361588 -1.581323
8.460961e+06 68.854255 2.087514
8.489489e+06 71.408459 5.853725
8.518018e+06 74.141179 9.641850 % (switch) 196.1 pF, 0.65 uH
8.546547e+06 76.977998 13.473383
8.575075e+06 79.959924 17.415165
8.603604e+06 83.142609 21.329112
8.632132e+06 86.471321 25.235080
8.660661e+06 89.900076 29.200251
8.689189e+06 93.551361 33.259695
8.717718e+06 97.357601 37.162551
8.746246e+06 101.354628 41.267474
8.774775e+06 105.313640 45.635883
8.803303e+06 109.590369 49.846446
8.831832e+06 114.056608 53.561488
8.860360e+06 118.973126 58.095967
8.888889e+06 123.912717 62.378697
8.917417e+06 129.223220 66.803798
8.945946e+06 134.864022 71.233491
8.974474e+06 140.696804 75.620842 % 210.5 pF, 1.433 uH
9.003003e+06 147.156088 80.111799
9.031532e+06 153.696586 84.539267
9.060060e+06 160.618912 88.880502
9.088589e+06 168.089619 93.167010
9.117117e+06 175.801932 97.482680
9.145646e+06 184.320355 101.521937
9.174174e+06 192.998115 105.476617
9.202703e+06 202.345945 109.180042
9.231231e+06 212.906600 111.347274
9.259760e+06 222.448165 116.272853
9.288288e+06 233.672480 119.830540
9.316817e+06 244.602536 123.341600
9.345345e+06 255.681597 126.334696
9.373874e+06 270.210679 126.002405
9.402402e+06 283.200328 127.295952
9.430931e+06 297.677965 127.320174
9.459459e+06 312.198411 127.321642
9.487988e+06 327.032666 125.809375 % 131.3 pF, 2.14 uH
9.516517e+06 342.323040 123.139827
9.545045e+06 358.648916 120.355371
9.573574e+06 374.908936 116.352286
9.602102e+06 391.487474 110.762630
9.630631e+06 407.607151 97.753113
9.659159e+06 425.394434 95.451067
9.687688e+06 441.665296 85.633136
9.716216e+06 457.084596 74.301193
9.744745e+06 473.500172 60.221291
9.773273e+06 489.604001 47.298349
9.801802e+06 503.802084 31.763052
9.830330e+06 517.747632 15.683883
9.858859e+06 533.537570 5.116557 % 94.4 pF, 2.51 uH
9.887387e+06 540.007564 -23.203895
9.915916e+06 549.416327 -44.610055
9.944444e+06 556.705927 -65.629958
9.972973e+06 563.543678 -87.786205
1.000150e+07 565.730772 -110.828350 % 84.05 pF, 2.58 uH
1.003003e+07 559.044943 -142.392531
1.005856e+07 567.014527 -158.520840
1.008709e+07 564.487019 -181.186045
1.011562e+07 560.989270 -203.558748
1.014414e+07 555.100414 -224.642571
1.017267e+07 547.523742 -244.812862
1.020120e+07 539.295401 -264.377440
1.022973e+07 528.227122 -282.533750
1.025826e+07 517.185611 -299.150548
1.028679e+07 504.464683 -315.083507
1.031532e+07 492.527547 -329.506502
1.034384e+07 481.392062 -342.312868
1.037237e+07 476.050434 -355.638587
1.040090e+07 458.575939 -366.598669
1.042943e+07 431.356300 -371.668907
1.045796e+07 425.228034 -381.624918
1.048649e+07 411.995384 -390.338606
1.051502e+07 398.279912 -394.702284 % 54.8 pF, 2.91 uH
1.054354e+07 384.933085 -401.567855
1.057207e+07 371.427664 -405.105150
1.060060e+07 359.153576 -408.812749
1.062913e+07 347.075002 -411.949123
1.065766e+07 333.363501 -414.320932
1.068619e+07 321.732447 -415.650791
1.071471e+07 309.073194 -416.929741
1.074324e+07 298.957211 -417.167344
1.077177e+07 287.355235 -416.786342
1.080030e+07 277.809149 -414.887223
1.082883e+07 263.126967 -413.509783
1.085736e+07 258.755239 -413.835724
1.088589e+07 251.736950 -416.401721
1.091441e+07 243.501320 -416.215619
1.094294e+07 231.803695 -410.036112
1.097147e+07 223.620450 -407.665670
1.100000e+07 216.129081 -404.914833 % 36.1 pF, 3.11 uH
1.102853e+07 209.041446 -403.355162
1.105706e+07 201.730352 -400.864493
1.108559e+07 195.516296 -398.753773
1.111411e+07 188.435364 -395.883997
1.114264e+07 183.101439 -393.601774
1.117117e+07 176.924743 -390.708760
1.119970e+07 171.891110 -387.084396
1.122823e+07 166.086076 -383.850030
1.125676e+07 161.571546 -382.913389
1.128529e+07 156.660687 -380.316886
1.131381e+07 152.207274 -377.029468
1.134234e+07 147.497793 -374.450456
1.137087e+07 144.417592 -370.841071
1.139940e+07 139.401138 -370.106163
1.142793e+07 137.107732 -369.845407
1.145646e+07 132.705079 -363.349867
1.148498e+07 128.917752 -360.375211
1.151351e+07 125.917486 -357.453053
1.154204e+07 122.484203 -354.614901
1.157057e+07 119.653996 -352.501652
1.159910e+07 116.510289 -348.524786
1.162763e+07 113.215607 -345.605817
1.165616e+07 111.038293 -344.456014
1.168468e+07 108.202855 -342.069129
1.171321e+07 105.849653 -339.035094
1.174174e+07 102.750733 -337.228164
1.177027e+07 100.681463 -334.218523
1.179880e+07 98.890647 -332.364748
1.182733e+07 96.155675 -329.485195
1.185586e+07 94.027927 -327.856875
1.188438e+07 92.417833 -325.150483
1.191291e+07 89.478905 -322.752997
1.194144e+07 88.334197 -323.844659
1.196997e+07 86.050038 -318.846148
1.199850e+07 84.207391 -316.629726 % 12.25 pF, 3.28 uH
1.202703e+07 82.851357 -314.625554
1.205556e+07 81.352801 -313.467090
1.208408e+07 79.767790 -311.719303
1.211261e+07 78.173872 -309.637414
1.214114e+07 76.860117 -308.489678
1.216967e+07 75.670644 -306.009986
1.219820e+07 74.042346 -303.853349
1.222673e+07 73.068348 -301.903055
1.225526e+07 71.462170 -300.268603
1.228378e+07 70.549338 -298.660334
1.231231e+07 68.894427 -296.573222
1.234084e+07 68.130629 -294.411256
1.236937e+07 67.224277 -292.984376
1.239790e+07 65.704902 -290.112841
1.242643e+07 65.086483 -288.253670
1.245495e+07 63.812460 -288.381676
1.248348e+07 62.496130 -286.534143 % 5.25 pF, 3.28 uH
1.251201e+07 61.635837 -283.999070
1.254054e+07 60.471587 -282.381921
1.256907e+07 59.462756 -280.924713
1.259760e+07 58.175390 -279.116507
1.262613e+07 57.576750 -277.692209
1.265465e+07 56.620247 -276.044053
1.268318e+07 55.397165 -274.483612
1.271171e+07 54.367496 -272.828521
1.274024e+07 53.753519 -271.777101
1.276877e+07 53.016128 -270.309977
1.279730e+07 52.404678 -268.538778
1.282583e+07 51.236497 -266.810859
1.285435e+07 50.623908 -266.370418 % 0 pF, 3.26 uH
1.288288e+07 49.920742 -264.792965
1.291141e+07 49.434991 -263.525757
1.293994e+07 48.616006 -262.148270
1.296847e+07 47.500428 -261.799324
1.299700e+07 46.941591 -260.884592 % 3.35 uH, 72.37 pF
1.302553e+07 46.534300 -258.142151
1.305405e+07 46.243393 -257.007854
1.308258e+07 45.487045 -255.866891
1.311111e+07 44.939911 -254.438244
1.313964e+07 44.210551 -252.875259
1.316817e+07 43.569713 -251.901251
1.319670e+07 43.737824 -249.700629
1.322523e+07 42.526463 -249.558785
1.325375e+07 42.219832 -248.002417
1.328228e+07 41.691429 -246.787748
1.331081e+07 40.903196 -245.533817
1.333934e+07 40.481759 -244.636351
1.336787e+07 39.746305 -243.137632
1.339640e+07 39.382578 -242.181888
1.342492e+07 38.846131 -241.075154
1.345345e+07 38.470592 -239.895359
1.348198e+07 37.764192 -238.680889
1.351051e+07 36.639127 -238.653713
1.353904e+07 36.998024 -236.621198
1.356757e+07 36.573612 -235.586971
1.359610e+07 36.470170 -233.464637
1.362462e+07 35.639756 -233.232153
1.365315e+07 35.432179 -232.001942
1.368168e+07 35.029174 -230.946256
1.371021e+07 34.500237 -230.288185
1.373874e+07 34.032874 -229.027276
1.376727e+07 33.875011 -228.182086
1.379580e+07 33.539955 -227.337168
1.382432e+07 33.016369 -225.987078
1.385285e+07 32.598434 -224.762404
1.388138e+07 32.231333 -223.890765
1.390991e+07 31.997044 -223.213226
1.393844e+07 31.467796 -221.770255
1.396697e+07 31.339591 -221.094827
1.399550e+07 31.206474 -218.888626
1.402402e+07 29.678682 -219.849997 % 2.76 uH, 188 pF
1.405255e+07 30.035485 -218.270721
1.408108e+07 29.880305 -217.194123
1.410961e+07 29.460908 -216.317386
1.413814e+07 29.103762 -215.121820
1.416667e+07 29.010463 -214.335068
1.419520e+07 28.610843 -213.439374
1.422372e+07 28.395844 -212.732669
1.425225e+07 28.136121 -211.807412
1.428078e+07 27.921209 -210.973146
1.430931e+07 27.647580 -210.116223
1.433784e+07 27.394671 -209.404296
1.436637e+07 27.215692 -208.510006
1.439489e+07 27.434625 -206.637821
1.442342e+07 26.621386 -206.679419
1.445195e+07 26.232395 -205.895160
1.448048e+07 26.213436 -205.189880
1.450901e+07 25.912582 -204.462628 % 2.51 uH, 211 pF
1.453754e+07 25.299439 -204.124301
1.456607e+07 24.615364 -203.055714
1.459459e+07 25.103889 -201.935703
1.462312e+07 25.051825 -201.135601
1.465165e+07 24.624267 -200.159274
1.468018e+07 24.341803 -199.643250
1.470871e+07 23.854768 -198.591098
1.473724e+07 23.905152 -198.132448
1.476577e+07 23.631988 -197.442320
1.479429e+07 23.405974 -195.804467
1.482282e+07 23.094113 -195.748511
1.485135e+07 22.940522 -195.044746
1.487988e+07 22.704954 -194.486780
1.490841e+07 22.501192 -193.552543
1.493694e+07 22.322729 -192.990313
1.496547e+07 22.131379 -192.254670
1.499399e+07 21.810339 -191.392246 % 2.29 uH, 241 pF
1.502252e+07 22.060422 -190.936516
1.505105e+07 21.699826 -190.230793
1.507958e+07 20.836813 -190.157477
1.510811e+07 21.248116 -188.656373
1.513664e+07 20.911585 -188.061834
1.516517e+07 20.913653 -187.518984
1.519369e+07 20.584994 -186.249503
1.522222e+07 20.482491 -186.047431
1.525075e+07 20.078562 -185.370373
1.527928e+07 19.908628 -184.688363
1.530781e+07 20.019790 -184.251825
1.533634e+07 19.697666 -183.392464
1.536486e+07 19.388485 -182.737124
1.539339e+07 19.434187 -182.157923
1.542192e+07 19.138482 -181.465640
1.545045e+07 19.030095 -180.671215
1.547898e+07 18.733164 -180.035025
1.550751e+07 18.566459 -179.821631
1.553604e+07 18.631239 -178.856584
1.556456e+07 18.484310 -178.288465
1.559309e+07 17.881466 -177.713396
1.562162e+07 17.475391 -177.422177
1.565015e+07 16.834280 -177.587959
1.567868e+07 16.921957 -176.436319
1.570721e+07 16.227584 -175.887622
1.573574e+07 16.789882 -175.166722
1.576426e+07 16.715407 -174.736802
1.579279e+07 16.626841 -174.119853
1.582132e+07 16.458829 -173.513250
1.584985e+07 16.381133 -173.134511
1.587838e+07 16.309644 -172.436938
1.590691e+07 16.130866 -171.920137
1.593544e+07 15.942790 -171.328762
1.596396e+07 16.001268 -170.571519
1.599249e+07 15.694308 -169.956116 % 1.91 uH, 294 pF
1.602102e+07 15.721255 -169.606773
1.604955e+07 15.699974 -169.100469
1.607808e+07 15.765383 -168.333379
1.610661e+07 15.641387 -167.819066
1.613514e+07 15.758839 -167.103401
1.616366e+07 15.768226 -166.279530
1.619219e+07 15.606800 -165.685414
1.622072e+07 15.350731 -165.185652
1.624925e+07 15.361620 -164.543722
1.627778e+07 15.127796 -164.113693
1.630631e+07 14.943050 -163.668275
1.633483e+07 14.942996 -162.895010
1.636336e+07 14.621953 -162.424478
1.639189e+07 14.521188 -161.940486
1.642042e+07 14.306626 -161.588836
1.644895e+07 14.225546 -161.067772
1.647748e+07 14.003378 -160.559721
1.650601e+07 13.819548 -160.235036
1.653453e+07 13.763653 -159.743552
1.656306e+07 13.527553 -159.219890
1.659159e+07 13.635360 -158.655269
1.662012e+07 13.279553 -158.282920
1.664865e+07 13.174552 -157.966342
1.667718e+07 13.218843 -157.393030
1.670571e+07 13.112837 -156.937532
1.673423e+07 13.121959 -156.539520
1.676276e+07 13.174522 -155.864292
1.679129e+07 13.008116 -155.336449
1.681982e+07 12.862704 -155.012855
1.684835e+07 12.764868 -154.416549
1.687688e+07 12.591929 -154.047361
1.690541e+07 12.463285 -153.578029
1.693393e+07 12.576597 -152.942602
1.696246e+07 12.583949 -152.637542
1.699099e+07 12.368042 -152.064346
1.701952e+07 12.270014 -151.769065 % 1.61 uH, 328 pF
1.704805e+07 12.086706 -151.207811
1.707658e+07 11.991285 -150.644928
1.710511e+07 12.110176 -150.165736
1.713363e+07 11.958704 -149.749229
1.716216e+07 11.634428 -149.368434
1.719069e+07 11.786479 -148.727543
1.721922e+07 11.670011 -148.221024
1.724775e+07 11.634948 -147.923825
1.727628e+07 11.501388 -147.515884
1.730480e+07 11.385531 -146.998330
1.733333e+07 11.279619 -146.614765
1.736186e+07 11.274359 -146.110162
1.739039e+07 11.132986 -145.795301
1.741892e+07 11.196171 -145.123395
1.744745e+07 11.064339 -144.873132
1.747598e+07 11.025123 -144.401322
1.750450e+07 10.879876 -144.014738
1.753303e+07 10.774232 -143.523004
1.756156e+07 10.989193 -143.009861
1.759009e+07 10.666064 -142.425883
1.761862e+07 10.595032 -142.226725
1.764715e+07 10.582195 -141.670239
1.767568e+07 10.226682 -141.480885
1.770420e+07 10.385460 -141.029570
1.773273e+07 10.419600 -140.535717
1.776126e+07 10.339316 -140.011760
1.778979e+07 10.324276 -139.670270
1.781832e+07 10.328460 -139.235989
1.784685e+07 10.269777 -138.967122
1.787538e+07 10.111233 -138.487762
1.790390e+07 10.043190 -138.018840
1.793243e+07 10.012014 -137.549326
1.796096e+07 10.114728 -137.112874
1.798949e+07 10.037615 -136.799513
1.801802e+07 9.936033 -136.505944 % 1.38 uH, 355 pF
1.804655e+07 9.940615 -136.023572
1.807508e+07 9.794630 -135.629588
1.810360e+07 9.621028 -135.258023
1.813213e+07 9.584975 -134.907473
1.816066e+07 9.631330 -134.426105
1.818919e+07 9.359814 -134.214982
1.821772e+07 9.535126 -133.757375
1.824625e+07 9.595355 -133.318277
1.827477e+07 9.552444 -132.910028
1.830330e+07 9.451511 -132.466776
1.833183e+07 9.320794 -132.156461
1.836036e+07 9.562671 -131.529022
1.838889e+07 9.258089 -131.385099
1.841742e+07 9.248626 -131.060099
1.844595e+07 9.306985 -130.591769
1.847447e+07 9.215555 -130.203157
1.850300e+07 9.098648 -129.865219
1.853153e+07 9.014040 -129.604178
1.856006e+07 9.108735 -129.207779
1.858859e+07 8.956156 -128.773520
1.861712e+07 8.904666 -128.342189
1.864565e+07 8.925684 -128.030690
1.867417e+07 8.920769 -127.681832
1.870270e+07 8.652816 -127.407674
1.873123e+07 8.433409 -127.102249
1.875976e+07 8.821249 -126.483296
1.878829e+07 8.679883 -126.155151
1.881682e+07 8.670771 -125.986561
1.884535e+07 8.576169 -125.525040
1.887387e+07 8.546380 -125.150343
1.890240e+07 8.547783 -124.780388
1.893093e+07 8.491312 -124.412428
1.895946e+07 8.490258 -124.187270
1.898799e+07 8.366075 -123.769236
1.901652e+07 8.227075 -123.483169
1.904505e+07 8.251154 -123.042427
1.907357e+07 8.224305 -122.655735
1.910210e+07 8.204680 -122.284424
1.913063e+07 8.153811 -122.061168
1.915916e+07 8.255815 -121.465457
1.918769e+07 8.198606 -121.316031
1.921622e+07 8.077984 -121.001423
1.924474e+07 7.746499 -120.656879
1.927327e+07 7.927871 -120.342115
1.930180e+07 7.898598 -119.867840
1.933033e+07 7.897350 -119.636610
1.935886e+07 7.782976 -119.336967
1.938739e+07 7.753709 -118.883241
1.941592e+07 7.751905 -118.504716
1.944444e+07 7.724911 -118.283350
1.947297e+07 7.609839 -117.849236
1.950150e+07 7.630454 -117.633064
1.953003e+07 7.561754 -117.293291
1.955856e+07 7.643706 -116.771135
1.958709e+07 7.481843 -116.605595
1.961562e+07 7.415046 -116.180877
1.964414e+07 7.516311 -115.941668
1.967267e+07 7.442401 -115.682298
1.970120e+07 7.475498 -115.226069
1.972973e+07 7.470970 -115.057590
1.975826e+07 7.113115 -114.623436
1.978679e+07 7.126804 -114.277018
1.981532e+07 7.323854 -113.946972
1.984384e+07 7.299122 -113.761824
1.987237e+07 7.237535 -113.257297
1.990090e+07 7.291903 -113.110481
1.992943e+07 7.256251 -112.729447
1.995796e+07 7.283197 -112.242742
1.998649e+07 7.147244 -112.091217
2.001502e+07 7.174035 -111.736898
2.004354e+07 7.178400 -111.441615
2.007207e+07 7.195376 -111.168561
2.010060e+07 7.087131 -110.805661 % 0.97 uH, 369 pF
2.012913e+07 7.096938 -110.464854
2.015766e+07 7.087683 -110.210902
2.018619e+07 7.043517 -109.902429
2.021471e+07 7.055671 -109.557441
2.024324e+07 7.233879 -109.334470
2.027177e+07 6.961711 -108.980240
2.030030e+07 6.800700 -108.700943
2.032883e+07 7.067689 -108.308800
2.035736e+07 7.091928 -107.935912
2.038589e+07 7.010811 -107.757512
2.041441e+07 7.015803 -107.436624
2.044294e+07 6.884198 -107.028616
2.047147e+07 6.891627 -106.797788
2.050000e+07 6.965870 -106.481523
2.052853e+07 6.967057 -106.160870
2.055706e+07 6.993062 -105.853684
2.058559e+07 6.973731 -105.570957
2.061411e+07 6.963178 -105.282289
2.064264e+07 6.904598 -104.965347
2.067117e+07 6.933856 -104.677248
2.069970e+07 6.874598 -104.432060
2.072823e+07 6.900501 -104.002631
2.075676e+07 6.962792 -103.702567
2.078529e+07 6.777561 -103.429568
2.081381e+07 6.668122 -103.154771
2.084234e+07 6.907829 -102.768993
2.087087e+07 6.837336 -102.438096
2.089940e+07 6.772481 -102.165319
2.092793e+07 6.797859 -101.860747
2.095646e+07 6.740368 -101.552709
2.098498e+07 6.716262 -101.169679
2.101351e+07 6.719889 -100.935973
2.104204e+07 6.670842 -100.591924
2.107057e+07 6.756863 -100.274022
2.109910e+07 6.713187 -99.975501
2.112763e+07 6.669587 -99.659957
2.115616e+07 6.647177 -99.349047
2.118468e+07 6.594450 -99.092053
2.121321e+07 6.613666 -98.712658
2.124174e+07 6.638241 -98.452796
2.127027e+07 6.671109 -98.118621
2.129880e+07 6.674199 -97.749013
2.132733e+07 6.468393 -97.559256
2.135586e+07 6.691829 -97.103204
2.138438e+07 6.609688 -96.863265
2.141291e+07 6.627722 -96.554791
2.144144e+07 6.583669 -96.218484
2.146997e+07 6.584465 -95.868878
2.149850e+07 6.633689 -95.532673
2.152703e+07 6.677954 -95.189217
2.155556e+07 6.701306 -94.866662
2.158408e+07 6.745229 -94.517435
2.161261e+07 7.775550 -95.325492
2.164114e+07 6.742769 -93.911326
2.166967e+07 6.710519 -93.599704
2.169820e+07 6.678143 -93.280980
2.172673e+07 6.739835 -92.974041
2.175526e+07 6.720409 -92.595661
2.178378e+07 6.695857 -92.300796
2.181231e+07 6.779054 -91.960647
2.184084e+07 6.729361 -91.640349
2.186937e+07 6.623358 -91.390602
2.189790e+07 6.728084 -91.075700
2.192643e+07 6.795528 -90.668773
2.195495e+07 6.806628 -90.299597
2.198348e+07 6.829649 -89.917509
2.201201e+07 6.719721 -89.745969 % 0.77 uH, 367 pF
2.204054e+07 6.847185 -89.360659
2.206907e+07 6.820944 -88.983933
2.209760e+07 6.918261 -88.652178
2.212613e+07 6.842856 -88.362100
2.215465e+07 6.844168 -88.014702
2.218318e+07 6.892757 -87.699685
2.221171e+07 6.853528 -87.381980
2.224024e+07 6.916567 -87.002546
2.226877e+07 6.927682 -86.695546
2.229730e+07 6.976807 -86.367968
2.232583e+07 7.088834 -85.966891
2.235435e+07 6.923666 -85.688008
2.238288e+07 6.958165 -85.364348
2.241141e+07 7.096876 -84.998630
2.243994e+07 7.014672 -84.636087
2.246847e+07 7.092543 -84.334441
2.249700e+07 7.119238 -83.903535
2.252553e+07 7.167361 -83.611162
2.255405e+07 7.155734 -83.272792
2.258258e+07 7.170818 -82.883762
2.261111e+07 7.151559 -82.543018
2.263964e+07 7.220029 -82.203848
2.266817e+07 7.225347 -81.852407
2.269670e+07 7.224361 -81.571669
2.272523e+07 7.332889 -81.139733
2.275375e+07 7.325599 -80.837584
2.278228e+07 7.357610 -80.419087
2.281081e+07 7.377206 -80.053516
2.283934e+07 7.421197 -79.728806
2.286787e+07 7.392439 -79.411184
2.289640e+07 7.398429 -79.061966
2.292492e+07 7.405502 -78.630789
2.295345e+07 7.457308 -78.313137
2.298198e+07 7.470741 -77.913865
2.301051e+07 7.502524 -77.554248
2.303904e+07 7.566428 -77.181798
2.306757e+07 7.592907 -76.874649
2.309610e+07 7.601019 -76.419638
2.312462e+07 7.708866 -76.093367
2.315315e+07 7.639121 -75.695776
2.318168e+07 7.749873 -75.337605
2.321021e+07 7.782861 -74.939335
2.323874e+07 7.819175 -74.580499
2.326727e+07 7.924517 -74.183782
2.329580e+07 7.974290 -73.765579
2.332432e+07 8.058163 -73.364211
2.335285e+07 8.105495 -73.031156
2.338138e+07 8.141365 -72.654846
2.340991e+07 8.205452 -72.216396
2.343844e+07 8.264646 -71.824674
2.346697e+07 8.360108 -71.401619
2.349550e+07 8.478652 -71.006071
2.352402e+07 8.592256 -70.539700
2.355255e+07 8.665090 -70.171336
2.358108e+07 8.700842 -69.767353
2.360961e+07 8.769047 -69.377484
2.363814e+07 8.870513 -68.965739
2.366667e+07 8.962498 -68.479574
2.369520e+07 9.007382 -68.094649
2.372372e+07 9.107246 -67.655163
2.375225e+07 9.225339 -67.255685
2.378078e+07 9.335585 -66.824497
2.380931e+07 9.402934 -66.359030
2.383784e+07 9.541726 -65.933617
2.386637e+07 9.646462 -65.490574
2.389489e+07 9.778085 -65.032069
2.392342e+07 9.932289 -64.557712
2.395195e+07 9.993765 -64.141939
2.398048e+07 10.137850 -63.724286
2.400901e+07 10.295088 -63.249329 % 0.55 uH, 260 pF
2.403754e+07 10.483129 -62.807550
2.406607e+07 10.579634 -62.294636
2.409459e+07 10.757442 -61.897578
2.412312e+07 10.898833 -61.448182
2.415165e+07 11.027258 -60.974009
2.418018e+07 11.232219 -60.500822
2.420871e+07 11.408414 -60.006164
2.423724e+07 11.572631 -59.587624
2.426577e+07 11.740884 -59.034050
2.429429e+07 11.919179 -58.563453
2.432282e+07 12.155214 -58.003329
2.435135e+07 12.313479 -57.562750
2.437988e+07 12.542562 -57.043503
2.440841e+07 12.750833 -56.573146
2.443694e+07 12.955589 -56.019910
2.446547e+07 13.154786 -55.525025
2.449399e+07 13.449370 -54.953847
2.452252e+07 13.709379 -54.454170
2.455105e+07 13.961355 -53.909874
2.457958e+07 14.201493 -53.413994
2.460811e+07 14.485789 -52.837718
2.463664e+07 14.770168 -52.298068
2.466517e+07 15.049805 -51.787707
2.469369e+07 15.320530 -51.126466
2.472222e+07 15.635358 -50.578547
2.475075e+07 16.001251 -50.037278
2.477928e+07 16.301976 -49.473697
2.480781e+07 16.628933 -48.892620
2.483634e+07 16.980202 -48.319052
2.486486e+07 17.391460 -47.700107
2.489339e+07 17.793889 -47.075370
2.492192e+07 18.217288 -46.501594
2.495045e+07 18.570931 -45.879166
2.497898e+07 19.013551 -45.240741
2.500751e+07 19.451608 -44.609325 % 0.43 uH, 159 pF
2.503604e+07 19.942750 -43.973274
2.506456e+07 20.454859 -43.320549
2.509309e+07 20.938502 -42.655784
2.512162e+07 21.492785 -42.002666
2.515015e+07 21.987812 -41.351706
2.517868e+07 22.592021 -40.714729
2.520721e+07 23.205888 -40.040410
2.523574e+07 23.797425 -39.363663
2.526426e+07 24.440811 -38.633287
2.529279e+07 25.114488 -37.967726
2.532132e+07 25.843938 -37.293718
2.534985e+07 26.556928 -36.589279
2.537838e+07 27.372609 -35.871980
2.540691e+07 28.136817 -35.229205
2.543544e+07 28.981086 -34.484906
2.546396e+07 29.828138 -33.759388
2.549249e+07 30.719817 -33.094478
2.552102e+07 31.679280 -32.421692
2.554955e+07 32.667454 -31.694014
2.557808e+07 33.729503 -31.030190
2.560661e+07 34.823612 -30.364863
2.563514e+07 35.947413 -29.709135
2.566366e+07 37.122436 -28.991145
2.569219e+07 38.318606 -28.346707
2.572072e+07 39.603777 -27.657060
2.574925e+07 40.970059 -27.103840
2.577778e+07 42.353541 -26.442879
2.580631e+07 43.786228 -25.910675
2.583483e+07 45.374280 -25.402034
2.586336e+07 46.919167 -24.866622
2.589189e+07 48.552284 -24.353987
2.592042e+07 50.258675 -23.936334
2.594895e+07 52.113021 -23.544434
2.597748e+07 54.036101 -23.154593
2.600601e+07 55.967939 -22.918635
2.603453e+07 57.974788 -22.727695
2.606306e+07 60.017223 -22.587929
2.609159e+07 62.210289 -22.600262
2.612012e+07 64.449902 -22.611399
2.614865e+07 66.706473 -22.774102
2.617718e+07 69.081087 -23.085468
2.620571e+07 71.544874 -23.475457
2.623423e+07 74.047902 -24.024464
2.626276e+07 76.637843 -24.723580
2.629129e+07 79.100510 -25.577882
2.631982e+07 81.735827 -26.596503
2.634835e+07 84.438228 -27.769136
2.637688e+07 87.090608 -29.128008
2.640541e+07 89.711676 -30.753265
2.643393e+07 92.357363 -32.509052
2.646246e+07 94.781818 -34.433996
2.649099e+07 97.298725 -36.721410
2.651952e+07 99.696285 -39.051371
2.654805e+07 101.888863 -41.652947
2.657658e+07 103.959599 -44.418338
2.660511e+07 105.888334 -47.501115
2.663363e+07 107.580928 -50.587216
2.666216e+07 109.163188 -53.909162
2.669069e+07 110.505964 -57.431819
2.671922e+07 111.501286 -60.878814
2.674775e+07 112.259353 -64.614085
2.677628e+07 112.913978 -68.407968
2.680480e+07 113.123218 -72.188579
2.683333e+07 113.083575 -75.913315
2.686186e+07 112.797078 -79.596276
2.689039e+07 112.164797 -83.358996
2.691892e+07 111.362548 -86.952334
2.694745e+07 110.282750 -90.241772
2.697598e+07 108.909756 -93.777095
2.700450e+07 107.423245 -96.825845 % 24.26 pF, 0.498 uH
2.703303e+07 105.639012 -100.027353
2.706156e+07 103.866042 -102.946078
2.709009e+07 101.866764 -105.561839
2.711862e+07 99.568319 -107.942600
2.714715e+07 97.492998 -110.409272
2.717568e+07 95.098911 -112.502575
2.720420e+07 92.771240 -114.309510
2.723273e+07 90.367783 -116.109082
2.726126e+07 87.889901 -117.426578
2.728979e+07 85.468607 -118.719370
2.731832e+07 82.996661 -120.068635
2.734685e+07 80.687981 -121.051550
2.737538e+07 78.087095 -121.822730
2.740390e+07 75.876568 -122.823732
2.743243e+07 73.348632 -123.091264
2.746096e+07 71.289775 -123.708515
2.748949e+07 69.084301 -123.982139
2.751802e+07 67.316143 -123.916516
2.754655e+07 65.165442 -124.247373
2.757508e+07 63.989499 -124.330514
2.760360e+07 60.921290 -124.373419
2.763213e+07 59.086224 -124.433538
2.766066e+07 57.260004 -124.199024
2.768919e+07 55.577179 -123.959350
2.771772e+07 53.767042 -123.860995
2.774625e+07 52.157178 -123.573914
2.777477e+07 50.611105 -123.181578
2.780330e+07 49.063126 -122.827121
2.783183e+07 47.679273 -122.482802
2.786036e+07 46.261374 -121.965769
2.788889e+07 44.952741 -121.614126
2.791742e+07 43.634890 -121.158583
2.794595e+07 42.353644 -120.693908
2.797447e+07 41.172281 -120.130148
2.800300e+07 40.085727 -119.616513 % 0.79 uH, 56.84
2.803153e+07 39.025625 -119.109503
2.806006e+07 37.955705 -118.606946
2.808859e+07 36.943576 -118.103495
2.811712e+07 35.892415 -117.418176
2.814565e+07 35.077591 -116.862380
2.817417e+07 34.114647 -116.347018
2.820270e+07 33.231090 -115.804992
2.823123e+07 32.378946 -115.256988
2.825976e+07 31.539246 -114.672658
2.828829e+07 30.973114 -114.077702
2.831682e+07 30.045631 -113.645515
2.834535e+07 29.438477 -113.061336
2.837387e+07 28.716936 -112.335208
2.840240e+07 28.093898 -111.905285
2.843093e+07 27.420954 -111.349498
2.845946e+07 26.776118 -110.857526
2.848799e+07 26.099608 -110.234411
2.851652e+07 25.502462 -109.655846
2.854505e+07 24.972170 -109.117870
2.857357e+07 24.442881 -108.662295
2.860210e+07 23.855770 -108.127779
2.863063e+07 23.466821 -107.574898
2.865916e+07 23.016833 -107.002992
2.868769e+07 22.608558 -106.485278
2.871622e+07 22.139557 -106.073086
2.874474e+07 21.660600 -105.596364
2.877327e+07 21.227944 -105.016554
2.880180e+07 20.890710 -104.493086
2.883033e+07 20.444714 -104.105983
2.885886e+07 20.109650 -103.660631
2.888739e+07 19.830283 -103.169922
2.891592e+07 19.516705 -102.597591
2.894444e+07 19.137621 -102.161212
2.897297e+07 18.802689 -101.716569
2.900150e+07 18.513516 -101.253979 % 0.681 uH, 143 pF
2.903003e+07 18.113929 -100.693310
2.905856e+07 17.828229 -100.358957
2.908709e+07 17.553888 -99.812920
2.911562e+07 17.158124 -99.540347
2.914414e+07 16.826075 -99.110776
2.917267e+07 16.756738 -98.576202
2.920120e+07 16.451128 -98.233934
2.922973e+07 16.175795 -97.730515
2.925826e+07 15.968893 -97.239263
2.928679e+07 15.745464 -96.941922
2.931532e+07 15.489892 -96.603183
2.934384e+07 15.325489 -96.123428
2.937237e+07 15.049656 -95.702966
2.940090e+07 14.786246 -95.317205
2.942943e+07 14.654643 -94.967930
2.945796e+07 14.376434 -94.441190
2.948649e+07 14.252822 -94.091026
2.951502e+07 14.024996 -93.752296
2.954354e+07 13.858390 -93.375981
2.957207e+07 13.721559 -92.962402
2.960060e+07 13.420576 -92.669900
2.962913e+07 13.298769 -92.355430
2.965766e+07 12.975148 -91.903571
2.968619e+07 12.955027 -91.648687
2.971471e+07 12.904313 -91.261097
2.974324e+07 12.704800 -90.842795
2.977177e+07 12.520485 -90.459623
2.980030e+07 12.377400 -90.145483
2.982883e+07 12.260364 -89.810510
2.985736e+07 12.171173 -89.415351
2.988589e+07 11.994160 -89.204008
2.991441e+07 11.872948 -88.736397
2.994294e+07 11.789149 -88.459289
2.997147e+07 11.631584 -88.135649
3.000000e+07 11.460525 -87.782266  % 0.57 uH, 195 pF
