% data from sweep at Bill's house with
% ant maybe 15 ft off ground, straight out
% (i.e., *not* inverted Vee, support
% at both ends)
% SHORT antenna -- i.e., gap relays
% open
% when match computed, L , C means
% antenna, series L, shunt C, radio
% can be reversed if C, L
% antenna,shunt C, series L, radio
% freq in Hz; real of Z imag of Z
1.500000e+06 741.617192 -2199.884510
1.528529e+06 902.523556 -2670.906463
1.557057e+06 418.628521 -1758.349131
1.585586e+06 367.287941 -1686.528568
1.614114e+06 328.544012 -1662.718536 % 92 pF, 65 uH
1.642643e+06 312.898625 -1580.808895
1.671171e+06 282.164052 -1531.276541
1.699700e+06 251.889733 -1507.511682
1.728228e+06 243.251469 -1454.164753
1.756757e+06 215.532724 -1285.689834
1.785285e+06 144.392930 -1314.236752
1.813814e+06 193.946834 -1335.883132
1.842342e+06 180.131230 -1316.558889
1.870871e+06 172.411142 -1277.433302
1.899399e+06 158.278372 -1251.511301
1.927928e+06 148.443058 -1223.688972
1.956456e+06 143.569084 -1195.107295
1.984985e+06 131.215077 -1170.558265 % 42 pF, 58 uH
2.013514e+06 132.338723 -1139.613171
2.042042e+06 144.006411 -1298.533833
2.070571e+06 115.155495 -1099.416372
2.099099e+06 109.995036 -1075.217483
2.127628e+06 100.724194 -1060.715079
2.156156e+06 97.988302 -944.386845
2.184685e+06 80.689628 -1012.856065
2.213213e+06 90.653301 -1000.289250
2.241742e+06 86.648440 -977.648506
2.270270e+06 85.039117 -961.121377
2.298799e+06 86.224307 -940.175213
2.327327e+06 83.633791 -922.092950
2.355856e+06 86.294181 -907.569166
2.384384e+06 90.304289 -896.378177
2.412913e+06 89.504650 -886.718119
2.441441e+06 91.189834 -867.840615
2.469970e+06 94.394159 -860.631855
2.498498e+06 96.607124 -856.667620
2.527027e+06 96.630928 -849.903849
2.555556e+06 75.385339 -857.682214
2.584084e+06 90.538207 -829.674376
2.612613e+06 81.582482 -825.859385
2.641141e+06 77.766909 -816.721161
2.669670e+06 75.196749 -805.008191
2.698198e+06 71.832162 -796.614718
2.726727e+06 71.194029 -786.589896
2.755255e+06 68.130873 -776.828403
2.783784e+06 62.162651 -773.438574
2.812312e+06 62.023485 -760.741888
2.840841e+06 59.550366 -753.025032
2.869369e+06 60.774375 -743.219450
2.897898e+06 57.632814 -735.422362
2.926426e+06 54.996567 -729.417780
2.954955e+06 45.595566 -691.644309
2.983483e+06 53.231856 -710.740149
3.012012e+06 51.804349 -703.511485
3.040541e+06 52.525070 -695.738754
3.069069e+06 58.104356 -718.698996
3.097598e+06 45.155144 -704.589213
3.126126e+06 45.522264 -674.356406
3.154655e+06 46.342031 -666.757311
3.183183e+06 43.524501 -660.317878
3.211712e+06 42.524505 -653.787600
3.240240e+06 42.329298 -646.102633
3.268769e+06 42.217306 -640.961894
3.297297e+06 40.759544 -632.560340
3.325826e+06 40.015006 -627.219554
3.354354e+06 36.298475 -607.622048
3.382883e+06 38.274303 -614.247078
3.411411e+06 38.575030 -609.340692
3.439940e+06 36.282057 -603.976799
3.468468e+06 36.869692 -599.072772
3.496997e+06 35.146595 -594.108600
3.525526e+06 34.138760 -587.985053 % 27 uH, 614 pF
3.554054e+06 36.937040 -583.449888
3.582583e+06 35.102671 -578.967305
3.611111e+06 31.169244 -599.679747
3.639640e+06 33.365741 -567.994805
3.668168e+06 30.351589 -563.509687
3.696697e+06 32.878925 -557.561438
3.725225e+06 31.152504 -553.561184 % 24.7 uH, 667 pF
3.753754e+06 34.367021 -532.796239
3.782282e+06 30.120373 -542.238789
3.810811e+06 29.253089 -540.190889
3.839339e+06 30.704939 -533.746591
3.867868e+06 29.271400 -531.387676
3.896396e+06 30.252815 -525.124881
3.924925e+06 29.625002 -520.643376
3.953453e+06 27.371082 -518.700094
3.981982e+06 28.759086 -512.258107
4.010511e+06 27.617952 -507.928845 % 21.1 uH, 715 pF
4.039039e+06 27.603857 -503.518053
4.067568e+06 28.476366 -500.342303
4.096096e+06 28.249011 -496.754357
4.124625e+06 23.746223 -513.209278
4.153153e+06 27.677695 -473.490190
4.181682e+06 25.961173 -484.301371
4.210210e+06 24.848482 -480.556493
4.238739e+06 23.880406 -477.463627
4.267267e+06 24.594633 -473.794425
4.295796e+06 23.116867 -470.798995
4.324324e+06 24.122154 -466.327763
4.352853e+06 22.808035 -463.857632
4.381381e+06 22.274485 -460.217405
4.409910e+06 22.695205 -456.029901
4.438438e+06 21.275850 -453.231381
4.466967e+06 21.221268 -450.189978
4.495496e+06 20.849261 -446.131410
4.524024e+06 20.223060 -444.070240 % 16.5 uH, 855 pF
4.552553e+06 22.285613 -426.883054
4.581081e+06 19.203322 -437.160016
4.609610e+06 21.873567 -434.311069
4.638138e+06 17.428834 -447.460391
4.666667e+06 18.657436 -430.259019
4.695195e+06 20.134156 -424.897562
4.723724e+06 18.917735 -421.611988
4.752252e+06 18.061862 -418.530820
4.780781e+06 18.213821 -415.154814
4.809309e+06 18.117046 -413.992353
4.837838e+06 17.330431 -410.291205
4.866366e+06 18.270452 -406.840573
4.894895e+06 17.843410 -404.253541
4.923423e+06 17.419943 -401.777016
4.951952e+06 17.495332 -388.049806
4.980480e+06 17.644718 -385.512452
5.009009e+06 19.054813 -390.756650 % 13.2 uH, 811 pF
5.037538e+06 16.312730 -389.965427
5.066066e+06 16.602434 -387.508680
5.094595e+06 15.454916 -384.939863
5.123123e+06 17.668545 -382.277326
5.151652e+06 15.008280 -385.961484
5.180180e+06 12.236238 -383.392804
5.208709e+06 15.569200 -374.285766
5.237237e+06 14.672691 -372.435518
5.265766e+06 15.213402 -370.058987
5.294294e+06 15.069585 -367.796704
5.322823e+06 14.472587 -365.006222
5.351351e+06 15.098830 -355.161225
5.379880e+06 13.454825 -360.594018
5.408408e+06 14.536358 -358.240699
5.436937e+06 14.448558 -355.862930
5.465465e+06 14.215836 -353.665221
5.493994e+06 14.025175 -351.406175 % 10.83 uH, 929 pF
5.522523e+06 13.677312 -349.602196
5.551051e+06 13.670346 -346.890722
5.579580e+06 13.806223 -344.985488
5.608108e+06 13.204041 -342.377629
5.636637e+06 14.114378 -340.144510
5.665165e+06 14.321692 -339.201731
5.693694e+06 11.415931 -343.418913
5.722222e+06 12.878755 -334.367853
5.750751e+06 13.402541 -326.899145
5.779279e+06 12.720295 -328.700584
5.807808e+06 11.970714 -328.237989
5.836336e+06 12.580221 -326.155101
5.864865e+06 12.360771 -324.193799
5.893393e+06 12.077241 -322.093468
5.921922e+06 12.188316 -320.050225
5.950450e+06 12.057386 -318.744856
5.978979e+06 11.880629 -316.283684
6.007508e+06 11.360466 -314.647067 % 8.88 uH, 976 pF
6.036036e+06 11.365163 -312.701497
6.064565e+06 11.494715 -310.857247
6.093093e+06 11.471421 -309.470910
6.121622e+06 11.551701 -307.116386
6.150150e+06 11.802371 -301.853370
6.178679e+06 11.753430 -303.596136
6.207207e+06 10.121743 -306.313382
6.235736e+06 11.084072 -300.013089
6.264264e+06 11.128606 -298.449488
6.292793e+06 11.498469 -296.508300
6.321321e+06 10.807015 -294.693264
6.349850e+06 11.249438 -293.326599
6.378378e+06 10.684646 -291.664358
6.406907e+06 10.891105 -290.329908
6.435435e+06 10.712037 -288.416639
6.463964e+06 10.456669 -287.038208
6.492492e+06 10.234097 -285.326929 % 7.48 uH, 967 pF
6.521021e+06 10.799657 -282.878103
6.549550e+06 10.125262 -280.499213
6.578078e+06 10.525332 -280.470655
6.606607e+06 10.124553 -279.420102
6.635135e+06 10.184349 -277.924676
6.663664e+06 10.616296 -276.438299
6.692192e+06 10.706452 -274.308855
6.720721e+06 9.164586 -275.322402
6.749249e+06 9.416495 -272.994812
6.777778e+06 10.247761 -270.277300
6.806306e+06 9.815750 -268.710766
6.834835e+06 10.023842 -267.246710
6.863363e+06 10.216169 -265.858797
6.891892e+06 9.691579 -264.488105
6.920420e+06 9.960555 -261.941268
6.948949e+06 9.937599 -260.728022
6.977477e+06 9.847823 -260.085909
7.006006e+06 9.608621 -259.032717 % 6.34 uH, 932 pF
7.034535e+06 9.604966 -257.663747
7.063063e+06 9.492771 -256.012425
7.091592e+06 9.526444 -254.907432
7.120120e+06 9.310875 -253.364827
7.148649e+06 9.256165 -252.134607
7.177177e+06 9.579066 -250.854895
7.205706e+06 9.644350 -249.183869
7.234234e+06 9.178699 -249.129903
7.262763e+06 8.604217 -247.688688
7.291291e+06 9.265540 -245.620618
7.319820e+06 8.869804 -243.813888
7.348348e+06 9.146015 -242.138410
7.376877e+06 9.233658 -241.747925
7.405405e+06 8.918126 -240.717742
7.433934e+06 9.091816 -239.343308
7.462462e+06 9.052887 -238.222416
7.490991e+06 8.891224 -237.064475 % 5.42 uH, 913 pF
7.519520e+06 9.036691 -235.811810
7.548048e+06 8.992960 -234.415880
7.576577e+06 8.999587 -233.251289
7.605105e+06 9.083774 -232.284984
7.633634e+06 8.975359 -230.967933
7.662162e+06 8.971755 -229.538853
7.690691e+06 9.298891 -228.687507
7.719219e+06 9.624111 -226.652806
7.747748e+06 9.521173 -225.491885
7.776276e+06 8.676377 -226.627866
7.804805e+06 9.302555 -223.972291
7.833333e+06 9.206170 -222.700200
7.861862e+06 9.315462 -221.512015
7.890390e+06 9.077520 -220.450723
7.918919e+06 8.976496 -219.222463
7.947447e+06 9.059279 -217.866366
7.975976e+06 9.057244 -216.916830
8.004504e+06 9.038189 -215.798757 % 4.66 uH, 846 pF
8.033033e+06 9.005712 -214.546073
8.061562e+06 9.258573 -213.486514
8.090090e+06 9.022361 -212.259360
8.118619e+06 9.422352 -210.742391
8.147147e+06 9.089669 -209.570775
8.175676e+06 8.803529 -209.118668
8.204204e+06 8.870433 -208.275821
8.232733e+06 8.998490 -207.171660
8.261261e+06 9.102924 -205.880255
8.289790e+06 8.414043 -206.232584
8.318318e+06 8.956359 -204.639712
8.346847e+06 9.198921 -203.064322
8.375375e+06 9.192116 -201.888294
8.403904e+06 9.372933 -200.888669
8.432432e+06 9.318059 -199.865628
8.460961e+06 9.546649 -198.992215
8.489489e+06 9.542303 -197.669977
8.518018e+06 9.695477 -195.985693 & 4.02 uH, 762 pF
8.546547e+06 9.362443 -195.143706
8.575075e+06 9.655245 -194.529825
8.603604e+06 9.638174 -193.609410
8.632132e+06 9.661234 -192.519322
8.660661e+06 9.858588 -191.463974
8.689189e+06 9.877203 -190.491166
8.717718e+06 9.919346 -189.536558
8.746246e+06 9.803050 -188.310185
8.774775e+06 10.191201 -187.548116
8.803303e+06 9.081903 -187.255182
8.831832e+06 9.756605 -186.175763
8.860360e+06 9.899617 -184.578219
8.888889e+06 10.021053 -183.525462
8.917417e+06 10.348081 -182.049609
8.945946e+06 10.347408 -181.232471
8.974474e+06 10.330536 -180.598990 % 3.55 uH, 695 pF
9.003003e+06 10.347663 -179.628285
9.031532e+06 10.117571 -178.631002
9.060060e+06 10.349527 -177.742139
9.088589e+06 10.254445 -176.672502
9.117117e+06 10.509464 -175.738491
9.145646e+06 10.393839 -174.814717
9.174174e+06 10.553298 -173.967954
9.202703e+06 10.446859 -172.914703
9.231231e+06 10.603895 -171.843613
9.259760e+06 10.708342 -170.968701
9.288288e+06 10.956023 -170.316524
9.316817e+06 10.977722 -169.208941
9.345345e+06 10.695695 -168.927736
9.373874e+06 10.980602 -167.286474
9.402402e+06 11.111191 -166.260589
9.430931e+06 11.032445 -165.273968
9.459459e+06 11.069578 -164.386783
9.487988e+06 11.302063 -163.416430 % 3.09 uH, 621 pF
9.516517e+06 11.309733 -162.510036
9.545045e+06 11.374111 -161.595890
9.573574e+06 11.469128 -160.654264
9.602102e+06 11.571522 -159.638562
9.630631e+06 11.737809 -158.677768
9.659159e+06 11.805958 -157.777372
9.687688e+06 11.878266 -156.900400
9.716216e+06 12.076497 -155.403070
9.744745e+06 12.220194 -154.566425
9.773273e+06 12.207242 -154.046608
9.801802e+06 12.525435 -153.165042
9.830330e+06 12.612617 -152.345287
9.858859e+06 12.286412 -152.211993 % 2.80 uH, 566 pF
9.887387e+06 12.665624 -150.553112
9.915916e+06 12.722948 -149.498818
9.944444e+06 12.934776 -148.637412
9.972973e+06 12.942140 -147.716028
1.000150e+07 13.176270 -146.896073 % 2.67 uH, 532 pF
1.003003e+07 13.268483 -145.772138
1.005856e+07 13.485961 -144.909272
1.008709e+07 13.576332 -144.070579
1.011562e+07 13.778905 -142.875143
1.014414e+07 13.952284 -141.995927
1.017267e+07 14.038046 -141.316091
1.020120e+07 14.133739 -140.513212
1.022973e+07 14.270333 -139.546725
1.025826e+07 14.524291 -138.761279
1.028679e+07 14.671577 -137.757827
1.031532e+07 14.814989 -136.865601
1.034384e+07 15.108678 -136.158405
1.037237e+07 14.815701 -135.653654
1.040090e+07 15.032874 -134.609169
1.042943e+07 15.465196 -133.454497
1.045796e+07 15.705594 -132.562322
1.048649e+07 15.861458 -131.682322
1.051502e+07 16.021498 -130.529288 % 2.32 uH, 441 pF
1.054354e+07 16.141339 -129.869865
1.057207e+07 16.261128 -128.961535
1.060060e+07 16.536289 -128.022495
1.062913e+07 16.814359 -127.196511
1.065766e+07 16.958491 -126.250106
1.068619e+07 17.096090 -125.360176
1.071471e+07 17.267188 -124.410057
1.074324e+07 17.542802 -123.492824
1.077177e+07 17.682084 -122.583889
1.080030e+07 17.980247 -121.687875
1.082883e+07 18.062222 -120.894088
1.085736e+07 18.570052 -119.837384
1.088589e+07 18.487031 -119.107823
1.091441e+07 18.665023 -118.119446
1.094294e+07 18.976798 -117.162578
1.097147e+07 19.239370 -116.198286
1.100000e+07 19.589364 -115.204309 % 2.01 uH, 360 pF
1.102853e+07 19.761048 -114.388602
1.105706e+07 20.053481 -113.485173
1.108559e+07 20.277265 -112.626689
1.111411e+07 20.585336 -111.596146
1.114264e+07 20.880761 -110.667069
1.117117e+07 21.123765 -109.777094
1.119970e+07 21.509958 -108.942263
1.122823e+07 21.915903 -107.966706
1.125676e+07 22.125383 -107.079857
1.128529e+07 22.509526 -106.098615
1.131381e+07 22.812252 -104.970403
1.134234e+07 23.216288 -104.289944
1.137087e+07 23.748153 -103.181681
1.139940e+07 23.920709 -102.353316
1.142793e+07 24.233998 -101.738853
1.145646e+07 24.708167 -100.553974
1.148498e+07 25.189511 -99.519760
1.151351e+07 25.569914 -98.534660
1.154204e+07 25.984330 -97.665565
1.157057e+07 26.428729 -96.698332
1.159910e+07 26.816649 -95.758929
1.162763e+07 27.364191 -94.744702
1.165616e+07 27.776606 -93.896813
1.168468e+07 28.211600 -92.965025
1.171321e+07 28.667273 -91.811437
1.174174e+07 29.124992 -91.053652
1.177027e+07 29.697820 -90.051321
1.179880e+07 30.246735 -89.146403
1.182733e+07 30.717294 -88.142265
1.185586e+07 31.223106 -87.321108
1.188438e+07 31.829400 -86.269269
1.191291e+07 32.337254 -85.298910
1.194144e+07 32.858257 -84.677951
1.196997e+07 33.460431 -83.451239
1.199850e+07 34.120258 -82.562866 % 1.39 uH, 182 pF
1.202703e+07 34.691653 -81.544605
1.205556e+07 35.401109 -80.686035
1.208408e+07 35.990956 -79.767537
1.211261e+07 36.527443 -78.659866
1.214114e+07 37.333919 -77.847517
1.216967e+07 38.052659 -76.862589
1.219820e+07 38.725718 -75.854686
1.222673e+07 39.444354 -74.889166
1.225526e+07 40.136290 -73.932203
1.228378e+07 41.006435 -73.048210
1.231231e+07 41.709354 -72.074197
1.234084e+07 42.473890 -71.079321
1.236937e+07 43.348857 -70.196226
1.239790e+07 44.082084 -69.168031
1.242643e+07 44.971907 -68.169523
1.245495e+07 45.820285 -67.401186
1.248348e+07 46.622692 -66.447417 % 1.02 uH, 75.2 pF
1.251201e+07 47.535560 -65.361986
1.254054e+07 48.405932 -64.426063
1.256907e+07 51.023924 -64.294074
1.259760e+07 50.882016 -62.865045
1.262613e+07 51.300168 -61.732392
1.265465e+07 52.245566 -60.803033
1.268318e+07 53.315094 -59.949910
1.271171e+07 54.289526 -59.055985
1.274024e+07 55.452924 -58.219900
1.276877e+07 56.601543 -57.299826
1.279730e+07 57.812217 -56.521155
1.282583e+07 59.062722 -55.723138
1.285435e+07 60.380754 -54.982563
1.288288e+07 61.665040 -54.365413
1.291141e+07 62.943610 -53.799427
1.293994e+07 64.231533 -53.582566
1.296847e+07 65.034432 -53.385303
1.299700e+07 65.605115 -52.748764 % 30.3 pF, 0.65 uH
1.302553e+07 66.304251 -51.679235
1.305405e+07 67.436281 -50.623160
1.308258e+07 68.661602 -49.633240
1.311111e+07 69.923444 -48.775450
1.313964e+07 71.269573 -47.926400
1.316817e+07 72.663418 -47.123516
1.319670e+07 74.113617 -46.380769
1.322523e+07 75.547485 -45.626732
1.325375e+07 76.978385 -44.935813
1.328228e+07 78.395304 -44.291193
1.331081e+07 79.769932 -43.655408
1.333934e+07 81.414856 -43.014098
1.336787e+07 82.892014 -42.415958
1.339640e+07 84.516371 -41.855467
1.342492e+07 86.061008 -41.338611
1.345345e+07 87.739071 -40.829505
1.348198e+07 89.318301 -40.356304
1.351051e+07 91.115352 -39.900335
1.353904e+07 92.650055 -39.476142
1.356757e+07 94.391677 -39.008018
1.359610e+07 96.078298 -38.598698
1.362462e+07 97.723566 -38.318821
1.365315e+07 99.503517 -37.897201
1.368168e+07 101.198584 -37.604694
1.371021e+07 102.921573 -37.363203
1.373874e+07 104.872213 -37.081843
1.376727e+07 106.766308 -36.783562
1.379580e+07 108.776581 -36.712424
1.382432e+07 110.619344 -36.505827
1.385285e+07 112.758894 -36.398881
1.388138e+07 114.535051 -36.240935
1.390991e+07 116.523488 -36.219004
1.393844e+07 118.591740 -36.223903
1.396697e+07 120.708697 -36.217835
1.399550e+07 122.868631 -36.326339
1.402402e+07 125.232811 -36.650379 % 85 pF, 0.74 uH
1.405255e+07 127.236664 -36.933188
1.408108e+07 129.449037 -36.996288
1.410961e+07 131.347473 -37.501576
1.413814e+07 133.815534 -37.912704
1.416667e+07 136.220947 -38.296930
1.419520e+07 138.476627 -38.796765
1.422372e+07 140.845099 -39.496612
1.425225e+07 143.213545 -39.953347
1.428078e+07 145.660943 -40.869577
1.430931e+07 147.951985 -41.714402
1.433784e+07 150.251715 -42.550927
1.436637e+07 152.800963 -43.575291
1.439489e+07 155.132474 -44.665926
1.442342e+07 157.573435 -45.988730
1.445195e+07 160.086369 -47.310587
1.448048e+07 162.549350 -48.464074
1.450901e+07 164.602357 -50.419172 % 79 pF, 0.83 uH
1.453754e+07 167.591055 -51.588594
1.456607e+07 170.110431 -53.627002
1.459459e+07 172.006427 -55.311446
1.462312e+07 174.288370 -57.205195
1.465165e+07 176.449888 -59.404555
1.468018e+07 178.647839 -61.441979
1.470871e+07 180.640267 -63.978746
1.473724e+07 182.975865 -66.369983
1.476577e+07 184.829124 -68.875369
1.479429e+07 186.773312 -71.649755
1.482282e+07 188.480924 -74.447027
1.485135e+07 190.289917 -77.103488
1.487988e+07 191.896843 -80.069012
1.490841e+07 192.346883 -83.299782
1.493694e+07 194.651130 -86.004639
1.496547e+07 195.741790 -89.190935
1.499399e+07 196.739203 -92.282121 % 65 pF, 1.03 uH
1.502252e+07 198.179228 -95.414567
1.505105e+07 198.685501 -98.575975
1.507958e+07 200.291384 -102.218598
1.510811e+07 199.869292 -105.420647
1.513664e+07 200.316351 -109.307182
1.516517e+07 200.821785 -112.084730
1.519369e+07 200.746550 -115.678757
1.522222e+07 200.760507 -118.897604
1.525075e+07 200.847548 -122.638808
1.527928e+07 200.789248 -126.045535
1.530781e+07 199.449615 -129.100697
1.533634e+07 199.538654 -132.548959
1.536486e+07 199.004309 -135.848023
1.539339e+07 198.387583 -138.940131
1.542192e+07 197.314387 -142.485676
1.545045e+07 196.609749 -145.197211
1.547898e+07 195.286056 -148.385095
1.550751e+07 194.641068 -152.248495
1.553604e+07 193.043446 -154.411732
1.556456e+07 191.635140 -157.495016
1.559309e+07 190.850356 -160.946851
1.562162e+07 189.350085 -164.016710
1.565015e+07 188.544805 -167.430227
1.567868e+07 185.581409 -169.254147
1.570721e+07 182.987338 -172.986365
1.573574e+07 181.936582 -174.037460
1.576426e+07 180.213516 -176.310664
1.579279e+07 177.861948 -178.619766
1.582132e+07 175.644892 -180.742027
1.584985e+07 174.091975 -182.673829
1.587838e+07 171.641002 -184.647759
1.590691e+07 169.267306 -186.395717
1.593544e+07 166.959744 -188.398421
1.596396e+07 164.929826 -189.756823
1.599249e+07 162.433714 -191.606938 % 36 pF, 1.29 uH
1.602102e+07 160.199985 -192.780618
1.604955e+07 157.994986 -194.194525
1.607808e+07 155.605929 -194.620905
1.610661e+07 153.015935 -196.175858
1.613514e+07 150.994507 -196.783032
1.616366e+07 148.391777 -197.340072
1.619219e+07 145.914646 -198.588477
1.622072e+07 143.504418 -199.470021
1.624925e+07 141.022228 -199.991953
1.627778e+07 138.599411 -201.111343
1.630631e+07 136.536264 -201.632549
1.633483e+07 134.276864 -201.994407
1.636336e+07 131.686100 -202.854409
1.639189e+07 129.503552 -203.307011
1.642042e+07 127.308841 -203.904667
1.644895e+07 125.040317 -203.965183
1.647748e+07 122.588523 -204.258352
1.650601e+07 120.309028 -204.435854
1.653453e+07 118.663083 -205.011086
1.656306e+07 116.445680 -205.336059
1.659159e+07 114.759266 -205.256618
1.662012e+07 112.426720 -205.528503
1.664865e+07 110.829997 -205.843225
1.667718e+07 108.840916 -205.337277
1.670571e+07 107.030309 -205.368091
1.673423e+07 105.361468 -205.210503
1.676276e+07 103.500471 -204.780100
1.679129e+07 101.811935 -204.522059
1.681982e+07 99.906029 -204.266127
1.684835e+07 98.251860 -204.043444
1.687688e+07 96.242037 -203.765456
1.690541e+07 94.570367 -203.125571
1.693393e+07 93.234339 -202.932827
1.696246e+07 91.679537 -202.547237
1.699099e+07 89.798933 -202.090892
1.701952e+07 88.412377 -201.843029 % 14.9 pF, 1.47 uH
1.704805e+07 86.741161 -201.239779
1.707658e+07 85.264951 -200.900142
1.710511e+07 83.997684 -200.140529
1.713363e+07 82.530368 -199.886627
1.716216e+07 80.893358 -200.018337
1.719069e+07 79.541389 -198.822354
1.721922e+07 78.102899 -197.886432
1.724775e+07 76.921234 -197.685115
1.727628e+07 75.522702 -196.947755
1.730480e+07 74.242418 -196.195352
1.733333e+07 73.053621 -196.068919
1.736186e+07 71.982953 -195.257569
1.739039e+07 70.744519 -194.808277
1.741892e+07 69.630699 -193.859548
1.744745e+07 68.342466 -193.543833
1.747598e+07 67.322369 -192.771242
1.750450e+07 66.260792 -192.145148
1.753303e+07 65.299070 -191.520406
1.756156e+07 64.177208 -190.679125
1.759009e+07 63.291316 -190.106607
1.761862e+07 62.083232 -189.608021
1.764715e+07 61.190273 -188.709999
1.767568e+07 60.059730 -188.443742
1.770420e+07 59.390404 -187.672758
1.773273e+07 58.608726 -186.874205
1.776126e+07 57.653807 -186.106476
1.778979e+07 56.919240 -185.487235
1.781832e+07 56.072769 -184.763887
1.784685e+07 55.404595 -184.175804
1.787538e+07 54.507256 -183.672825
1.790390e+07 53.718133 -182.761479
1.793243e+07 52.752239 -182.005069
1.796096e+07 52.197980 -181.641256
1.798949e+07 51.586626 -180.855763
1.801802e+07 50.807778 -180.343962 % 0 pF, 1.58 uH
1.804655e+07 50.258738 -179.578422
1.807508e+07 49.584541 -178.716835
1.810360e+07 48.696584 -178.157562
1.813213e+07 48.000846 -177.803773
1.816066e+07 47.545118 -177.085047
1.818919e+07 46.640890 -176.763663
1.821772e+07 46.292648 -176.057320
1.824625e+07 45.881004 -175.200262
1.827477e+07 45.297790 -174.572057
1.830330e+07 44.584888 -173.767282
1.833183e+07 43.911347 -173.364709
1.836036e+07 43.590409 -172.739863
1.838889e+07 42.808765 -172.204308
1.841742e+07 42.411134 -171.658696
1.844595e+07 41.998631 -170.891002
1.847447e+07 41.439281 -169.953934
1.850300e+07 40.929952 -169.351449
1.853153e+07 40.718241 -169.250301
1.856006e+07 40.161779 -168.688509
1.858859e+07 39.553112 -167.601844
1.861712e+07 39.036414 -166.958602
1.864565e+07 38.568783 -166.441521
1.867417e+07 38.269250 -166.026588
1.870270e+07 37.613092 -165.527926
1.873123e+07 36.776787 -165.188393
1.875976e+07 36.678128 -164.258557
1.878829e+07 36.350784 -163.874051
1.881682e+07 35.854736 -163.535402
1.884535e+07 35.412655 -162.939493
1.887387e+07 34.936177 -162.000308
1.890240e+07 34.683038 -161.692396
1.893093e+07 34.137978 -161.097695
1.895946e+07 33.905035 -160.873433
1.898799e+07 33.297169 -160.155473
1.901652e+07 32.891469 -159.863023
1.904505e+07 32.526686 -159.066510
1.907357e+07 32.182165 -158.598599
1.910210e+07 31.773907 -157.966544
1.913063e+07 31.478915 -157.666583
1.915916e+07 31.092477 -156.989877
1.918769e+07 30.894590 -156.487309
1.921622e+07 30.430887 -155.900892
1.924474e+07 29.779508 -155.568383
1.927327e+07 29.789755 -154.874398
1.930180e+07 29.443686 -154.195864
1.933033e+07 29.191736 -153.908230
1.935886e+07 28.744967 -153.483918
1.938739e+07 28.390946 -152.903988
1.941592e+07 28.046063 -152.361547
1.944444e+07 27.856022 -151.959167
1.947297e+07 27.456281 -151.348904
1.950150e+07 27.272838 -151.035412
1.953003e+07 26.896185 -150.384611
1.955856e+07 26.584464 -149.932003
1.958709e+07 26.281794 -149.437492
1.961562e+07 26.035530 -148.878236
1.964414e+07 25.941770 -148.454059
1.967267e+07 25.741545 -147.932681
1.970120e+07 25.398536 -147.482976
1.972973e+07 25.140972 -147.152297
1.975826e+07 24.537694 -146.725050
1.978679e+07 24.247210 -146.146336
1.981532e+07 24.389197 -145.666535
1.984384e+07 24.153892 -145.122772
1.987237e+07 23.808110 -144.657221
1.990090e+07 23.721732 -144.330275
1.992943e+07 23.500065 -143.717736
1.995796e+07 23.210341 -143.331859
1.998649e+07 22.994699 -142.825719
2.001502e+07 22.915227 -142.436863
2.004354e+07 22.640450 -141.916365
2.007207e+07 22.656242 -141.351512
2.010060e+07 22.082238 -141.041270 % 1.31 uH, 178 pF
2.012913e+07 22.039279 -140.604678
2.015766e+07 21.874466 -140.181954
2.018619e+07 21.751962 -139.794764
2.021471e+07 21.527936 -139.284413
2.024324e+07 21.641548 -139.010837
2.027177e+07 21.081374 -138.540121
2.030030e+07 20.749566 -138.221531
2.032883e+07 20.883547 -137.532535
2.035736e+07 20.767542 -137.130887
2.038589e+07 20.535686 -136.769000
2.041441e+07 20.408599 -136.321411
2.044294e+07 20.120633 -135.820302
2.047147e+07 20.067102 -135.296596
2.050000e+07 19.979245 -135.057501
2.052853e+07 19.764116 -134.660520
2.055706e+07 19.729983 -134.236281
2.058559e+07 19.544821 -133.914077
2.061411e+07 19.390399 -133.529540
2.064264e+07 19.266272 -133.029872
2.067117e+07 19.103091 -132.689794
2.069970e+07 18.950360 -132.289483
2.072823e+07 18.819400 -131.840459
2.075676e+07 18.780353 -131.437838
2.078529e+07 18.396543 -131.138307
2.081381e+07 18.234057 -130.767962
2.084234e+07 18.331641 -130.203248
2.087087e+07 18.186253 -129.584431
2.089940e+07 17.901138 -129.443698
2.092793e+07 17.862010 -129.071741
2.095646e+07 17.733930 -128.716243
2.098498e+07 17.594380 -128.156707
2.101351e+07 17.466147 -128.032390
2.104204e+07 17.249518 -127.407938
2.107057e+07 17.309846 -127.125821
2.109910e+07 17.163523 -126.715677
2.112763e+07 16.976151 -126.406982
2.115616e+07 16.849893 -125.964972
2.118468e+07 16.729660 -125.673102
2.121321e+07 16.624463 -125.214102
2.124174e+07 16.614266 -124.890837
2.127027e+07 16.546191 -124.420748
2.129880e+07 16.395632 -124.044798
2.132733e+07 16.070161 -123.813921
2.135586e+07 16.220393 -123.257867
2.138438e+07 16.054213 -122.998709
2.141291e+07 15.986728 -122.639732
2.144144e+07 15.836716 -122.194593
2.146997e+07 15.799785 -121.867953
2.149850e+07 15.752299 -121.430060
2.152703e+07 15.662549 -121.130452
2.155556e+07 15.589896 -120.697013
2.158408e+07 15.525556 -120.304698
2.161261e+07 15.369292 -120.011639
2.164114e+07 15.399185 -119.600688
2.166967e+07 15.251858 -119.190933
2.169820e+07 15.158170 -118.872834
2.172673e+07 15.095033 -118.571084
2.175526e+07 15.046943 -118.073008
2.178378e+07 14.894172 -117.809046
2.181231e+07 14.913628 -117.418944
2.184084e+07 14.727572 -117.103626
2.186937e+07 14.634233 -116.839302
2.189790e+07 14.642766 -116.432724
2.192643e+07 14.657961 -116.029224
2.195495e+07 14.602687 -115.578410
2.198348e+07 14.530785 -115.167673
2.201201e+07 14.328168 -114.958908 % 0.99 uH, 233 pF
2.204054e+07 14.408024 -114.559296
2.206907e+07 14.362947 -114.102027
2.209760e+07 14.368513 -113.856539
2.212613e+07 14.169423 -113.452996
2.215465e+07 14.142909 -113.163455
2.218318e+07 14.164723 -112.823538
2.221171e+07 14.006521 -112.473332
2.224024e+07 13.997649 -112.066084
2.226877e+07 13.953602 -111.840189
2.229730e+07 13.887996 -111.455363
2.232583e+07 13.961033 -111.127603
2.235435e+07 13.727995 -110.785783
2.238288e+07 13.700182 -110.468538
2.241141e+07 13.787514 -110.051731
2.243994e+07 13.627605 -109.686746
2.246847e+07 13.628035 -109.399312
2.249700e+07 13.562549 -108.981539
2.252553e+07 13.539096 -108.769076
2.255405e+07 13.475592 -108.377810
2.258258e+07 13.438902 -107.959910
2.261111e+07 13.345019 -107.684512
2.263964e+07 13.338385 -107.330534
2.266817e+07 13.229991 -107.040556
2.269670e+07 13.202601 -106.771442
2.272523e+07 13.168436 -106.391903
2.275375e+07 13.152066 -106.099164
2.278228e+07 13.079068 -105.649550
2.281081e+07 13.019524 -105.308966
2.283934e+07 13.053978 -104.968993
2.286787e+07 12.974016 -104.710221
2.289640e+07 12.795719 -104.435620
2.292492e+07 12.723167 -104.049077
2.295345e+07 12.716301 -103.786185
2.298198e+07 12.606214 -103.442974
2.301051e+07 12.615453 -103.080873
2.303904e+07 12.643860 -102.709829
2.306757e+07 12.542940 -102.486224
2.309610e+07 12.445565 -102.118405
2.312462e+07 12.465748 -101.794549
2.315315e+07 12.331286 -101.440808
2.318168e+07 12.459312 -101.120503
2.321021e+07 12.347320 -100.793408
2.323874e+07 12.338468 -100.445845
2.326727e+07 12.449209 -100.147921
2.329580e+07 12.307827 -99.782026
2.332432e+07 12.336766 -99.472346
2.335285e+07 12.237071 -99.187326
2.338138e+07 12.202665 -98.918939
2.340991e+07 12.151013 -98.517668
2.343844e+07 12.148643 -98.207780
2.346697e+07 12.216012 -97.812343
2.349550e+07 12.240285 -97.548773
2.352402e+07 12.194258 -97.159274
2.355255e+07 12.213121 -96.908731
2.358108e+07 12.165237 -96.524870
2.360961e+07 12.191669 -96.263733
2.363814e+07 12.124292 -95.903942
2.366667e+07 12.170576 -95.508491
2.369520e+07 12.064496 -95.233143
2.372372e+07 12.052346 -94.895708
2.375225e+07 12.079320 -94.554379
2.378078e+07 12.103589 -94.274712
2.380931e+07 12.050144 -93.892447
2.383784e+07 12.053811 -93.590696
2.386637e+07 12.076704 -93.257033
2.389489e+07 12.032267 -92.926226
2.392342e+07 12.039083 -92.582586
2.395195e+07 12.009450 -92.264575
2.398048e+07 12.015150 -91.960201
2.400901e+07 12.101195 -91.643023 % 0.74 uH, 237 pF
2.403754e+07 12.203607 -91.268523
2.406607e+07 12.224506 -90.876450
2.409459e+07 12.267630 -90.586535
2.412312e+07 12.154955 -90.374726
2.415165e+07 12.165141 -90.052296
2.418018e+07 12.194066 -89.733155
2.420871e+07 12.271083 -89.407609
2.423724e+07 12.252210 -89.132081
2.426577e+07 12.264302 -88.740515
2.429429e+07 12.251115 -88.417877
2.432282e+07 12.332804 -88.058381
2.435135e+07 12.370462 -87.755480
2.437988e+07 12.418642 -87.451122
2.440841e+07 12.397679 -87.149160
2.443694e+07 12.417066 -86.750633
2.446547e+07 12.498003 -86.464575
2.449399e+07 12.592018 -86.010039
2.452252e+07 12.636806 -85.766372
2.455105e+07 12.665058 -85.504134
2.457958e+07 12.690585 -85.137878
2.460811e+07 12.795900 -84.830665
2.463664e+07 12.791951 -84.480333
2.466517e+07 12.868238 -84.235938
2.469369e+07 12.887838 -83.802417
2.472222e+07 12.964732 -83.493923
2.475075e+07 13.066253 -83.228490
2.477928e+07 13.106477 -82.890994
2.480781e+07 13.163823 -82.515667
2.483634e+07 13.231593 -82.153342
2.486486e+07 13.358367 -81.894387
2.489339e+07 13.440571 -81.541495
2.492192e+07 13.533425 -81.234779
2.495045e+07 13.562205 -80.873240
2.497898e+07 13.565460 -80.567418
2.500751e+07 13.705427 -80.187889 % 0.65 uH, 207 pF
2.503604e+07 13.845550 -79.856272
2.506456e+07 13.963947 -79.553411
2.509309e+07 14.011465 -79.216246
2.512162e+07 14.205909 -78.831355
2.515015e+07 14.201074 -78.502961
2.517868e+07 14.400858 -78.157182
2.520721e+07 14.499591 -77.857018
2.523574e+07 14.550458 -77.479732
2.526426e+07 14.689224 -77.106959
2.529279e+07 14.799977 -76.771138
2.532132e+07 14.943794 -76.486506
2.534985e+07 15.097677 -76.146431
2.537838e+07 15.242644 -75.743648
2.540691e+07 15.371246 -75.451434
2.543544e+07 15.529546 -75.035528
2.546396e+07 15.743050 -74.667274
2.549249e+07 15.797721 -74.302027
2.552102e+07 16.011469 -74.039918
2.554955e+07 16.140014 -73.602241
2.557808e+07 16.398950 -73.267241
2.560661e+07 16.590630 -72.947816
2.563514e+07 16.735661 -72.599403
2.566366e+07 17.017286 -72.229166
2.569219e+07 17.117291 -71.861161
2.572072e+07 17.390231 -71.494584
2.574925e+07 17.608342 -71.193313
2.577778e+07 17.883593 -70.767564
2.580631e+07 18.048084 -70.446088
2.583483e+07 18.244778 -70.122423
2.586336e+07 18.525664 -69.753420
2.589189e+07 18.862528 -69.358448
2.592042e+07 19.093451 -69.010185
2.594895e+07 19.341835 -68.679900
2.597748e+07 19.719780 -68.302961
2.600601e+07 19.899681 -67.986064
2.603453e+07 20.304048 -67.609582
2.606306e+07 20.657329 -67.213861
2.609159e+07 20.934733 -66.900574
2.612012e+07 21.333308 -66.561852
2.614865e+07 21.672001 -66.180167
2.617718e+07 22.071923 -65.843983
2.620571e+07 22.447212 -65.526271
2.623423e+07 22.842243 -65.207643
2.626276e+07 23.274065 -64.869404
2.629129e+07 23.694737 -64.512128
2.631982e+07 24.169261 -64.229688
2.634835e+07 24.665841 -63.923827
2.637688e+07 25.056828 -63.682409
2.640541e+07 25.551047 -63.376314
2.643393e+07 26.076121 -63.095281
2.646246e+07 26.653317 -62.803207
2.649099e+07 27.193391 -62.556050
2.651952e+07 27.729718 -62.349578
2.654805e+07 28.334407 -62.080133
2.657658e+07 28.930899 -61.846752
2.660511e+07 29.571588 -61.687192
2.663363e+07 30.176349 -61.445780
2.666216e+07 30.830104 -61.279528
2.669069e+07 31.512600 -61.191049
2.671922e+07 32.203719 -60.955645
2.674775e+07 32.892483 -60.882533
2.677628e+07 33.617970 -60.785597
2.680480e+07 34.392611 -60.777138
2.683333e+07 35.146155 -60.759955
2.686186e+07 35.975608 -60.812048
2.689039e+07 36.685320 -60.772150
2.691892e+07 37.493753 -60.909041
2.694745e+07 38.330471 -60.965185
2.697598e+07 39.162823 -61.120203
2.700450e+07 40.006228 -61.260378 % 0.477 uH, 58.9 pF
2.703303e+07 40.816463 -61.536299
2.706156e+07 41.672171 -61.743627
2.709009e+07 42.500500 -62.102988
2.711862e+07 43.345990 -62.407380
2.714715e+07 44.270253 -62.929954
2.717568e+07 45.077372 -63.357354
2.720420e+07 45.907665 -63.815493
2.723273e+07 46.684343 -64.436259
2.726126e+07 47.520548 -65.010176
2.728979e+07 48.345962 -65.680591
2.731832e+07 49.042661 -66.427167
2.734685e+07 49.779593 -67.168507
2.737538e+07 50.405712 -68.009451
2.740390e+07 51.061576 -68.952592
2.743243e+07 51.593658 -69.775859
2.746096e+07 52.216761 -70.788167
2.748949e+07 52.725056 -71.784791
2.751802e+07 53.199425 -72.815525
2.754655e+07 53.570535 -73.883162
2.757508e+07 53.951559 -75.051100
2.760360e+07 54.137413 -76.090550
2.763213e+07 54.372054 -77.275692
2.766066e+07 54.430956 -78.444874
2.768919e+07 54.534799 -79.623327
2.771772e+07 54.461601 -80.814409
2.774625e+07 54.358516 -81.925350
2.777477e+07 54.253608 -83.133958
2.780330e+07 54.000395 -84.257185
2.783183e+07 53.732540 -85.425306
2.786036e+07 53.376010 -86.400834
2.788889e+07 52.961369 -87.583986
2.791742e+07 52.473723 -88.631530
2.794595e+07 51.997573 -89.617076
2.797447e+07 51.287547 -90.603363
2.800300e+07 50.807910 -91.450484 % 0 pF, 0.51 uH
2.803153e+07 50.156062 -92.242699
2.806006e+07 49.422466 -93.164525
2.808859e+07 48.603260 -93.955016
2.811712e+07 47.826234 -94.637219
2.814565e+07 47.110597 -95.284457
2.817417e+07 46.271605 -95.988408
2.820270e+07 45.362640 -96.509816
2.823123e+07 44.560737 -97.082748
2.825976e+07 43.635920 -97.580585
2.828829e+07 42.852054 -97.923793
2.831682e+07 41.856256 -98.408887
2.834535e+07 41.025748 -98.725594
2.837387e+07 40.168796 -98.913015
2.840240e+07 39.362965 -99.191017
2.843093e+07 38.449631 -99.328864
2.845946e+07 37.618457 -99.584177
2.848799e+07 36.659343 -99.623279
2.851652e+07 35.772405 -99.730358
2.854505e+07 34.946744 -99.782331
2.857357e+07 34.146714 -99.836660
2.860210e+07 33.279419 -99.913076
2.863063e+07 32.601974 -99.737832
2.865916e+07 31.848052 -99.735434
2.868769e+07 31.171573 -99.656941
2.871622e+07 30.440191 -99.505904
2.874474e+07 29.718151 -99.423192
2.877327e+07 29.023992 -99.368441
2.880180e+07 28.409213 -99.012744
2.883033e+07 27.780376 -98.917176
2.885886e+07 27.091167 -98.792780
2.888739e+07 26.538396 -98.521519
2.891592e+07 25.944518 -98.305236
2.894444e+07 25.417793 -98.015528
2.897297e+07 24.815720 -97.852598
2.900150e+07 24.367325 -97.526764 % 0.66 uH, 112 pF
2.903003e+07 23.703659 -97.221876
2.905856e+07 23.194567 -97.042685
2.908709e+07 22.676386 -96.786066
2.911562e+07 22.176819 -96.586476
2.914414e+07 21.748998 -96.338989
2.917267e+07 21.374133 -95.916894
2.920120e+07 20.919926 -95.667080
2.922973e+07 20.514012 -95.217548
2.925826e+07 20.082708 -94.937410
2.928679e+07 19.728976 -94.740064
2.931532e+07 19.316919 -94.449740
2.934384e+07 18.923444 -94.088175
2.937237e+07 18.536525 -93.796546
2.940090e+07 18.192225 -93.509695
2.942943e+07 17.875050 -93.182580
2.945796e+07 17.460526 -92.850535
2.948649e+07 17.169283 -92.532523
2.951502e+07 16.839291 -92.209539
2.954354e+07 16.601682 -91.873585
2.957207e+07 16.301728 -91.564101
2.960060e+07 15.920671 -91.275664
2.962913e+07 15.790980 -90.984437
2.965766e+07 15.281146 -90.696867
2.968619e+07 15.193023 -90.415714
2.971471e+07 15.064785 -90.108933
2.974324e+07 14.775372 -89.759619
2.977177e+07 14.475928 -89.348934
2.980030e+07 14.289640 -89.097889
2.982883e+07 14.029523 -88.822557
2.985736e+07 13.858805 -88.486705
2.988589e+07 13.611778 -88.166001
2.991441e+07 13.434229 -87.834508
2.994294e+07 13.261435 -87.600398
2.997147e+07 13.063953 -87.304799
3.000000e+07 12.842214 -86.964675 % 0.57 uH, 181 pF

